0.20715858 0.39482582 0.7565141  0.7111441 
0.06735117 0.16016887 0.94295853 0.565071  
0.1742794  0.28965157 0.82989275 0.641647  
0.3747317 0.1494109 0.6361281 0.7467153
0.05991668 0.23891333 0.88469875 0.62767905
0.06512759 0.37596384 0.7923848  0.74879193
0.09567611 0.25141823 0.83139443 0.66058934
0.3732631  0.10939907 0.641337   0.74164325
0.10122064 0.43181813 0.7187688  0.7521098 
0.04256869 0.19295837 0.9406798  0.67256   
0.0600329  0.2126211  0.81243676 0.6206899 
0.39668933 0.07704978 0.68045497 0.7447164 
0.19476588 0.34680367 0.9070669  0.71616226
0.22334506 0.41877827 0.8872258  0.7720235 
0.39380103 0.1417837  0.64219475 0.7807762 
0.12567556 0.46655953 0.67055273 0.9166515 
0.0939862  0.44032976 0.6749121  0.7623017 
0.06442737 0.1638679  0.8704295  0.6141652 
0.0483514  0.28768352 0.882653   0.7165514 
0.05530389 0.3023744  0.7870414  0.70851296
0.06946474 0.47509146 0.8295324  0.8708473 
0.02362053 0.42559204 0.8770593  0.8146793 
0.19159871 0.30576068 0.9026659  0.6969281 
0.01827977 0.28911144 0.9534599  0.72345823
0.30870146 0.14110093 0.5866645  0.83884525
0.23396471 0.3650213  0.86144847 0.7106075 
0.13685922 0.27428374 0.9129978  0.6817672 
0.30754608 0.1832781  0.58851606 0.81934947
0.04702944 0.47287476 0.8007804  0.86308324
0.10013182 0.16416085 0.9324318  0.5777199 
0.13093376 0.3931856  0.7814205  0.7500123 
0.04997343 0.25517243 0.9529047  0.72379774
0.05297473 0.1810121  0.84749377 0.61727095
0.16065608 0.2879397  0.87558943 0.6562916 
0.05134806 0.44016522 0.8140202  0.794678  
0.28217602 0.10081599 0.69788593 0.669622  
0.04669172 0.3630421  0.7428906  0.74727935
0.11312505 0.29307783 0.964472   0.73272455
0.0340445  0.42760354 0.7987343  0.79745865
0.03830916 0.2601733  0.9007385  0.7389496 
0.37988624 0.1448038  0.63946044 0.76679486
0.01544441 0.34555554 0.8215093  0.76293314
0.08646519 0.25208724 0.91203135 0.68142545
0.08581256 0.32510886 0.84486526 0.740276  
0.13420087 0.33653083 0.7451963  0.73813707
0.13811034 0.36166048 0.851146   0.7327838 
0.04423153 0.38762966 0.78372806 0.79884696
0.03128226 0.38023418 0.94765437 0.7565699 
0.07247699 0.38202795 0.71650296 0.7764689 
0.14508764 0.29093546 0.8632781  0.6646622 
0.04667702 0.2696228  0.92668754 0.72038305
0.07568131 0.27539822 0.9212274  0.6677232 
0.01204839 0.2845289  0.9720496  0.74594843
0.09824166 0.30684042 0.89565384 0.71957886
0.02528425 0.35351208 0.8916288  0.7672835 
0.13539897 0.4342693  0.887538   0.819396  
0.1857687  0.26284698 0.86109656 0.61664724
0.32578138 0.20573138 0.5842845  0.8436597 
0.33802444 0.19081129 0.6143721  0.8531755 
0.02228883 0.19874978 0.9033305  0.59947354
0.09508812 0.3108554  0.92633396 0.7365706 
0.02127287 0.44545165 0.8073476  0.8758902 
0.10261395 0.34695095 0.7949621  0.7090088 
0.0280141  0.39519364 0.8863206  0.76286036
0.1344912  0.30073595 0.9727118  0.74011415
0.04415432 0.25574502 0.90500003 0.66641015
0.05615387 0.4421681  0.7380671  0.7988847 
0.0302719  0.30386302 0.9721006  0.756456  
0.25499976 0.30826378 0.87191635 0.6442334 
0.01289349 0.38691905 0.9299614  0.7786063 
0.19476588 0.34680367 0.9070669  0.71616226
0.06347994 0.4335274  0.85232717 0.825818  
0.37537658 0.14461453 0.6322128  0.74584234
0.17740372 0.149157   0.70697093 0.65846103
0.05256235 0.37483072 0.8814336  0.72878647
0.11841832 0.2936273  0.81929266 0.6699792 
0.08137835 0.36035743 0.8577249  0.7028729 
0.11506137 0.29896507 0.8075646  0.67692196
0.02118053 0.32125825 0.9157779  0.73895323
0.02475357 0.30513832 0.9012111  0.74385643
0.15386765 0.3313024  0.9383711  0.7378054 
0.28364617 0.26958564 0.59838396 0.8577805 
0.05022784 0.27311188 0.85756373 0.6737811 
0.02127287 0.44545165 0.8073476  0.8758902 
0.15431154 0.2293935  0.8570148  0.6131257 
0.11257169 0.20636904 0.93033487 0.62572277
0.06442737 0.1638679  0.8704295  0.6141652 
0.02450796 0.25304103 0.94970924 0.65550053
0.3038804  0.12776043 0.5685127  0.7781262 
0.03825875 0.23754928 0.9482328  0.6285739 
0.04876944 0.27485117 0.91009563 0.663335  
0.08847297 0.14093706 0.950932   0.55179846
0.07474643 0.17413598 0.8195313  0.70571774
0.10902735 0.27345452 0.9004642  0.7020402 
0.2588914  0.21995287 0.5566021  0.7518603 
0.12999941 0.37455636 0.67223835 0.6682407 
0.02729962 0.21989699 0.9582648  0.63563347
0.02211221 0.13382584 0.9684173  0.54009116
0.10185826 0.22965454 0.9119198  0.65372527
0.01213208 0.28474513 0.94913995 0.74999213
0.01024611 0.40366718 0.88694745 0.80286366
0.03787436 0.30699864 0.9694406  0.7004711 
0.40031296 0.14598714 0.66746163 0.77076554
0.04331051 0.32873866 0.90760726 0.7241317 
0.36237302 0.20214444 0.6373332  0.78329915
0.04088961 0.24849275 0.88510525 0.7153938 
0.05158731 0.30236602 0.913856   0.74312437
0.20539014 0.39446735 0.89183074 0.7675244 
0.08742393 0.44645095 0.85566986 0.8433398 
0.15261602 0.26534817 0.87254024 0.65457433
0.16425313 0.2574825  0.9658618  0.66931564
0.01396591 0.32669738 0.9439326  0.75574946
0.0342087  0.27857834 0.9150228  0.73254484
0.05170426 0.32883564 0.8322276  0.7327698 
0.32879364 0.21480338 0.6027189  0.8715671 
0.38510013 0.18959042 0.64780426 0.7928911 
0.03176566 0.35822752 0.8198902  0.7863542 
0.06402224 0.40476447 0.9121742  0.81996095
0.05562453 0.3603829  0.80896777 0.7717607 
0.20511074 0.33516818 0.927152   0.7277782 
0.07944395 0.33929998 0.7607506  0.707919  
0.06574477 0.45184913 0.6800774  0.7898323 
0.40215027 0.15819512 0.65392137 0.78411955
0.1498719  0.33503902 0.8733926  0.7307347 
0.02596014 0.22361287 0.93752426 0.6625852 
0.02143538 0.31189743 0.8684816  0.8080447 
0.09005392 0.37439877 0.69882166 0.70118225
0.08360866 0.21063869 0.8682271  0.6124228 
0.07600512 0.2855057  0.9085778  0.7339333 
0.04896402 0.45472646 0.58622074 0.8470788 
0.06295495 0.41806737 0.8123974  0.802173  
0.09781944 0.40216738 0.86167526 0.8160667 
0.0578289 0.3332401 0.7509087 0.78691  
0.12645748 0.38148388 0.80656034 0.7528544 
0.05615387 0.4421681  0.7380671  0.7988847 
0.23262523 0.3721726  0.853262   0.71137726
0.37508702 0.1711811  0.6399543  0.76572466
0.13143925 0.27112767 0.9216357  0.6617396 
0.02916083 0.217584   0.9600916  0.616292  
0.15406837 0.21358445 0.70281094 0.75552046
0.06531624 0.3860946  0.74642366 0.77286637
0.3007603  0.054104   0.63292193 0.6750645 
0.08710037 0.38767454 0.8967352  0.78834015
0.07829781 0.33248746 0.8282991  0.7239467 
0.0393175  0.34606346 0.8751691  0.74817765
0.12114571 0.3717584  0.85664946 0.7239484 
0.21518254 0.30983025 0.8829112  0.6766956 
0.02692079 0.3937598  0.94531715 0.7773611 
0.07910097 0.35345536 0.8320916  0.7369505 
0.07533688 0.42605847 0.755254   0.78595   
0.03158633 0.2657877  0.9710777  0.67938846
0.16767746 0.33642334 0.9539909  0.7537434 
0.09744065 0.22295283 0.9322432  0.6102955 
0.05110982 0.34143955 0.91058534 0.75630504
0.01213208 0.28474513 0.94913995 0.74999213
0.08450817 0.4430931  0.7945878  0.818625  
0.19472948 0.21171978 0.6761577  0.76888674
0.1857687  0.26284698 0.86109656 0.61664724
0.13755171 0.04905347 0.7637942  0.59047437
0.01800338 0.35755843 0.97379386 0.7538509 
0.02009989 0.29556775 0.76674366 0.71092165
0.04101233 0.39699188 0.88825864 0.7623005 
0.36781886 0.07121965 0.6613685  0.7312081 
0.12886627 0.21118513 0.967679   0.6592191 
0.05734329 0.34276444 0.8433764  0.73339105
0.15625125 0.32799065 0.78206164 0.7361485 
0.03115587 0.4406275  0.8806576  0.78876835
0.01476664 0.3485124  0.85118306 0.7713097 
0.02910848 0.34732187 0.7602213  0.72530156
0.05706859 0.31766358 0.84966326 0.70807725
0.09744065 0.22295283 0.9322432  0.6102955 
0.2797092  0.10168634 0.55887604 0.76700205
0.02429827 0.26084912 0.9096957  0.67992187
0.21757603 0.23767976 0.90782714 0.61616147
0.04492282 0.3475542  0.92611134 0.7551786 
0.3419107  0.24895161 0.5880692  0.7982835 
0.24948673 0.26573545 0.8048772  0.7236334 
0.12936157 0.2636642  0.9148268  0.6658212 
0.09050583 0.17772152 0.7909457  0.6248645 
0.06117691 0.23413096 0.8774297  0.6653552 
0.01196216 0.31990594 0.9254929  0.74759644
0.03064469 0.38916644 0.8023082  0.7780958 
0.01360257 0.25624242 0.98467875 0.6752124 
0.01190089 0.42651853 0.90454626 0.80026656
0.17582123 0.2988614  0.864093   0.6653185 
0.05645139 0.35697025 0.9560564  0.71840245
0.21220084 0.38978404 0.8022836  0.72403014
0.08624158 0.27050462 0.95947295 0.68107826
0.11876143 0.39947438 0.94681203 0.84453446
0.29914024 0.27342564 0.8599963  0.6140784 
0.08274172 0.24495582 0.793475   0.6322206 
8.0946556e-06 2.0648146e-01 8.8268471e-01 9.1988319e-01
0.06201721 0.4254073  0.8180731  0.8087186 
0.02362053 0.42559204 0.8770593  0.8146793 
0.04601276 0.30887532 0.9812345  0.69955486
0.0151455  0.44705883 0.83507335 0.8191488 
0.09686261 0.2916948  0.89089316 0.71617746
0.08130889 0.30557817 0.8343407  0.6789916 
0.36129937 0.22959496 0.6968189  0.844624  
0.00850812 0.31750953 0.92340654 0.74710137
0.07512046 0.46856418 0.6891649  0.86140907
0.07335338 0.24046968 0.89255846 0.67346215
0.05170426 0.32883564 0.8322276  0.7327698 
0.07878459 0.20860457 0.72116154 0.6629647 
0.04996184 0.30913594 0.76325333 0.70483595
0.09608649 0.4464577  0.8090759  0.82278883
0.02263026 0.41132346 0.93020713 0.77534753
0.21063042 0.32849684 0.88707453 0.66375893
0.01548735 0.35483667 0.9351566  0.74567664
0.39380103 0.1417837  0.64219475 0.7807762 
0.01257164 0.204746   0.9645698  0.6547717 
0.07546079 0.25765648 0.8421723  0.6677022 
0.04049042 0.47457862 0.73572797 0.8449866 
0.05806207 0.2922551  0.76095706 0.6817907 
0.03831587 0.44077557 0.90146494 0.7863754 
0.00223928 0.15504889 0.9897927  0.66837144
0.1011605  0.19152592 0.915781   0.6190422 
0.05696385 0.22329482 0.8345498  0.64935654
0.02110572 0.19551097 0.81603485 0.66189146
0.3862383  0.22333607 0.6289797  0.77654517
0.07790556 0.3437859  0.86968195 0.72377264
0.22814518 0.4057109  0.86891186 0.75783134
0.4003917 0.1523252 0.6675094 0.736868 
0.1020208  0.24076135 0.8831153  0.6480912 
0.10430874 0.25486645 0.96096647 0.7443558 
0.09726181 0.41714892 0.7523832  0.7871721 
0.333512   0.09716299 0.63883924 0.7505566 
0.07884914 0.25032532 0.8717381  0.6774937 
0.0186572  0.25061628 0.8973682  0.6735136 
0.21079391 0.24324878 0.910899   0.627968  
0.1615375  0.22053306 0.810424   0.587204  
0.22079986 0.31289873 0.8115728  0.6520953 
0.0623922  0.25768024 0.7591995  0.65095365
0.09707092 0.31652004 0.9244224  0.68136364
0.2089235  0.45757005 0.66408205 0.7648331 
0.1331663  0.44491363 0.96809167 0.8830136 
0.32879364 0.21480338 0.6027189  0.8715671 
0.21507455 0.32608673 0.7991162  0.6454377 
0.13795973 0.21976377 0.9646833  0.64207494
0.02849498 0.3194437  0.94200987 0.7230065 
0.19472948 0.21171978 0.6761577  0.76888674
0.38510013 0.18959042 0.64780426 0.7928911 
0.128092   0.41907528 0.6957348  0.7362661 
0.05518469 0.37938687 0.8133642  0.7270848 
0.03681283 0.36017558 0.941712   0.7475826 
0.13685922 0.27428374 0.9129978  0.6817672 
0.13680878 0.45413896 0.7558799  0.84170634
0.02344889 0.2308264  0.9475534  0.6547034 
0.36131823 0.23690075 0.58826554 0.8100938 
0.1753222  0.3213069  0.85267276 0.6823305 
0.235849  0.3936694 0.900309  0.7756247
0.06981736 0.4625554  0.7545143  0.8369789 
0.36640397 0.16612996 0.61111546 0.7531071 
0.06402224 0.40476447 0.9121742  0.81996095
0.05615387 0.4421681  0.7380671  0.7988847 
0.10470447 0.29307237 0.9076204  0.6926372 
0.06259861 0.4098181  0.8927949  0.8354884 
0.4033518  0.13174061 0.6752332  0.7560351 
0.13126503 0.27617216 0.9418035  0.66230905
0.1498719  0.33503902 0.8733926  0.7307347 
0.07668514 0.3351532  0.7292633  0.73977226
0.05609943 0.3273718  0.9170542  0.6942836 
0.14784308 0.3875514  0.8174222  0.7589018 
0.09088933 0.4024465  0.8866514  0.8066168 
0.01812335 0.2979687  0.84387434 0.7313478 
0.0768508  0.41387293 0.73934627 0.7761267 
0.31934822 0.06534096 0.63001364 0.66449744
0.0547575  0.46278524 0.75206983 0.8350791 
0.07829781 0.33248746 0.8282991  0.7239467 
0.06334411 0.4630268  0.7280481  0.83030087
0.0540486  0.34812474 0.89996445 0.70349413
0.05390344 0.46562615 0.80150205 0.8572794 
0.11523503 0.42447555 0.8403328  0.7952801 
0.02692308 0.34875503 0.773826   0.74783206
0.04049042 0.47457862 0.73572797 0.8449866 
0.0604749  0.35800332 0.75013566 0.71783215
0.02294678 0.16479018 0.9562311  0.57447964
0.03876407 0.272504   0.834624   0.7159323 
0.34209454 0.18893477 0.5845767  0.75527734
0.00541974 0.17976062 0.85013866 0.64474857
0.06059337 0.2972886  0.72858924 0.6745131 
0.04788201 0.41198263 0.7757848  0.811292  
0.15494433 0.42201048 0.92040956 0.8147257 
0.05400278 0.37407362 0.82676435 0.73845047
0.01046998 0.12498958 0.97663885 0.5838093 
0.05345601 0.395061   0.7637715  0.75679517
0.01883148 0.39338893 0.96462005 0.79024   
0.09306896 0.15143722 0.884643   0.6105285 
0.05501824 0.2572203  0.89393914 0.6777293 
0.37095186 0.12834072 0.6447103  0.7361341 
0.29026103 0.24900657 0.8968787  0.5933074 
0.03425322 0.24489786 0.93974674 0.66455245
0.05786413 0.14951137 0.9033302  0.57577866
0.41497374 0.08815736 0.72462666 0.76203394
0.07292595 0.41192684 0.80035615 0.7909546 
0.10965174 0.3095481  0.72619927 0.7535263 
0.3436409  0.05730306 0.67389035 0.7211635 
0.08980288 0.16002552 0.87645054 0.5638985 
0.06867142 0.27632597 0.91728026 0.6806304 
0.2027098  0.36009422 0.9393087  0.76471686
0.14093877 0.24513747 0.9058038  0.63028103
0.21757603 0.23767976 0.90782714 0.61616147
0.13399918 0.39419827 0.8993334  0.81085956
0.05556394 0.19779049 0.82766145 0.6247192 
0.12794322 0.18558893 0.8615089  0.57342654
0.0193337  0.3711634  0.95690423 0.7648563 
0.0567789  0.3387746  0.85547113 0.7859029 
0.10203585 0.34978336 0.7631207  0.7055628 
0.35064816 0.19286534 0.5843502  0.78393185
0.15145719 0.34551084 0.8185733  0.6974775 
0.40319332 0.14752421 0.67784184 0.77494824
0.02251359 0.39865768 0.69361776 0.7748061 
0.02474125 0.3382082  0.95555246 0.71411127
0.16796002 0.34449512 0.7385339  0.65654176
0.01553671 0.19191433 0.9588552  0.639362  
0.01707067 0.34273326 0.76045984 0.74663496
0.02630646 0.20911099 0.89807916 0.6406268 
0.08427791 0.37008747 0.7375486  0.72932833
0.08757822 0.18758146 0.9365427  0.58886135
0.01169458 0.19351414 0.9535288  0.6329411 
0.03831587 0.44077557 0.90146494 0.7863754 
0.12159097 0.14130418 0.7954038  0.76003504
0.0099786  0.18741602 0.973881   0.65815085
0.09372569 0.47877374 0.681453   0.83754325
0.10099395 0.4405589  0.6994143  0.7637873 
0.04195629 0.34013245 0.74259204 0.7284663 
0.0516098  0.40990615 0.80791825 0.79247165
0.17986481 0.41699132 0.76184344 0.7314016 
0.04669927 0.15226513 0.823566   0.5947675 
0.13017882 0.3739042  0.82785773 0.7371669 
0.36320797 0.06287701 0.69051296 0.7066488 
0.18767515 0.3655326  0.9491859  0.7817945 
0.20123237 0.2548282  0.8264126  0.6079549 
0.01892041 0.27229118 0.95655113 0.67465657
0.01307593 0.37744024 0.9764532  0.7725855 
0.14332606 0.24597126 0.9062791  0.66496086
0.34772256 0.09878471 0.6273242  0.7937425 
0.27427828 0.15005681 0.56480247 0.8165807 
0.02912046 0.31329778 0.8217945  0.73      
0.11506137 0.29896507 0.8075646  0.67692196
0.19246666 0.3293358  0.84382254 0.67732006
0.02251036 0.43558782 0.7737273  0.80762255
0.3038804  0.12776043 0.5685127  0.7781262 
0.01995597 0.39058602 0.767227   0.77579   
0.05674685 0.30274075 0.8771001  0.68601567
0.0340445  0.42760354 0.7987343  0.79745865
0.02228883 0.19874978 0.9033305  0.59947354
0.02686235 0.32018214 0.77543217 0.72565037
0.02894626 0.19734018 0.95489776 0.6190147 
0.07233219 0.24560013 0.8544564  0.65917635
0.3558664  0.16574626 0.65884155 0.83354485
0.03148192 0.3419765  0.82962054 0.6990608 
0.2867478  0.24275245 0.5707285  0.8750562 
0.12554872 0.34004015 0.9646521  0.76123726
0.07962719 0.38628086 0.87467253 0.7605584 
0.03623096 0.24601313 0.94666654 0.6842785 
0.19254729 0.31942043 0.9309442  0.7270603 
0.05074485 0.36986017 0.8739297  0.798532  
0.04576162 0.40893283 0.883052   0.7504789 
0.07367039 0.455872   0.77359986 0.80583936
0.01424415 0.26421383 0.95007724 0.72367215
0.15016617 0.39679125 0.8280209  0.7748275 
0.0536823  0.39059097 0.90074784 0.734581  
0.06574952 0.40244195 0.83590037 0.79470265
0.36320797 0.06287701 0.69051296 0.7066488 
0.03481966 0.33235392 0.80066663 0.74522346
0.03542377 0.4058203  0.78368366 0.77229637
0.11298654 0.25794753 0.85101223 0.66087294
0.21842287 0.22042489 0.9418774  0.61494863
0.02251036 0.43558782 0.7737273  0.80762255
0.02515018 0.43716004 0.8539002  0.7995392 
0.0160809  0.41658106 0.87251943 0.78666836
0.29914024 0.27342564 0.8599963  0.6140784 
0.07028694 0.34552136 0.8523577  0.7753948 
0.05388531 0.41969132 0.8568551  0.8060651 
0.1640388  0.34942344 0.89888316 0.6866471 
0.3552876 0.1908843 0.6115359 0.7711565
0.01418474 0.36850777 0.9751806  0.7815641 
0.04608097 0.4228019  0.80974686 0.82670283
0.08686323 0.43406463 0.90516776 0.82481986
0.13477544 0.2856284  0.9180594  0.6956515 
0.3930295  0.11504193 0.68513066 0.7175111 
0.03688874 0.36823574 0.8804916  0.7462777 
0.36295176 0.08630432 0.66324157 0.7368215 
0.11542653 0.34125903 0.890961   0.77736586
0.05327537 0.20863639 0.7320321  0.70203793
0.09554158 0.31566805 0.92672807 0.7432571 
0.09859071 0.20512591 0.9003144  0.6165245 
0.054837   0.35002944 0.7285972  0.703329  
0.04592326 0.3600277  0.89729846 0.73582834
0.17078511 0.32803923 0.85855263 0.7006548 
0.37125105 0.09187563 0.6844534  0.65588105
0.0461812  0.27226537 0.8923175  0.6727455 
0.14233775 0.3635612  0.9020461  0.7223856 
0.10012446 0.21578795 0.9175325  0.61588776
0.09770527 0.24558458 0.77821636 0.6336464 
0.08950198 0.46467456 0.66398364 0.80855626
0.11581295 0.2635859  0.8039218  0.64076686
0.15406837 0.21358445 0.70281094 0.75552046
0.3380409  0.37120435 0.51721585 0.8323646 
0.08115125 0.25625587 0.9137045  0.6536471 
0.19351858 0.3648703  0.76781064 0.68873745
0.05625724 0.30590275 0.8753293  0.70791966
0.02949924 0.39518812 0.86900926 0.755021  
0.15355876 0.2701865  0.84954494 0.6492797 
0.06037768 0.44164106 0.6679105  0.83390886
0.3732631  0.10939907 0.641337   0.74164325
0.08856455 0.38106328 0.87554866 0.7819356 
0.02575409 0.34688634 0.9284972  0.7519414 
0.4161095  0.18316902 0.6609985  0.7372624 
0.03841375 0.2591532  0.94867796 0.68840414
0.00681898 0.3193443  0.9716451  0.765327  
0.1879832  0.23200339 0.9494767  0.62745327
0.01490218 0.34103638 0.9175946  0.7249197 
0.09307646 0.397907   0.82048815 0.7923025 
0.11816798 0.38218266 0.76596785 0.7413662 
0.1440029  0.4711316  0.51355743 0.8428068 
0.09088933 0.4024465  0.8866514  0.8066168 
0.03825674 0.26895234 0.9111152  0.6881577 
0.05547136 0.27175966 0.84200525 0.6970196 
0.05388565 0.20684278 0.9147662  0.6321696 
0.14343904 0.266426   0.931984   0.6754601 
0.15120685 0.33373564 0.90277    0.73450845
0.3660372  0.18382351 0.6430969  0.7877286 
0.07057952 0.3806616  0.7200803  0.7497149 
0.12812413 0.18833753 0.9229084  0.60944515
0.0124763 0.4075038 0.8942603 0.7848962
0.1839984  0.25716275 0.94361585 0.65085346
0.11841832 0.2936273  0.81929266 0.6699792 
0.09526455 0.3330757  0.8960295  0.75370336
0.17007384 0.29855463 0.90492266 0.6940244 
0.16456285 0.28009966 0.9134532  0.6407688 
0.12708764 0.2559557  0.89049554 0.6343188 
0.01653308 0.37843937 0.80213356 0.77601767
0.06976665 0.30678144 0.85113734 0.70435196
0.05459737 0.22958967 0.82892644 0.65855396
0.11542653 0.34125903 0.890961   0.77736586
0.06574952 0.40244195 0.83590037 0.79470265
0.00223928 0.15504889 0.9897927  0.66837144
0.02112249 0.26886395 0.89510995 0.6939019 
0.08847466 0.3344373  0.8306902  0.7156901 
0.01553671 0.19191433 0.9588552  0.639362  
0.01610941 0.41413364 0.8334537  0.81839186
0.08673576 0.26618195 0.82218313 0.65690106
0.3436409  0.05730306 0.67389035 0.7211635 
0.05186591 0.3407407  0.82272196 0.70923555
0.10664036 0.24314806 0.87431425 0.6581686 
0.16580941 0.3356708  0.87267774 0.6879417 
0.00861117 0.43041027 0.92204106 0.79854345
0.10777056 0.40287846 0.74349654 0.7600034 
0.01936771 0.36538792 0.9716906  0.7741885 
0.12500171 0.37334415 0.86487967 0.7791915 
0.02019756 0.22163443 0.91530156 0.6780518 
0.01008495 0.32970813 0.92138237 0.7456749 
0.05095316 0.24180594 0.90417284 0.6583547 
0.31934822 0.06534096 0.63001364 0.66449744
0.03425011 0.3422907  0.9360615  0.7414593 
0.10569419 0.38847795 0.8295144  0.7721848 
0.3504087  0.11260662 0.65067255 0.79197276
0.02203904 0.23615749 0.97636163 0.6724997 
0.06295495 0.41806737 0.8123974  0.802173  
0.00821325 0.36677617 0.9444576  0.78828907
0.19254729 0.31942043 0.9309442  0.7270603 
0.13960011 0.3358461  0.8836392  0.7345412 
0.12357295 0.24857707 0.9636862  0.6785926 
0.01008495 0.32970813 0.92138237 0.7456749 
0.13810496 0.3881443  0.76644844 0.7327304 
0.07795323 0.38410446 0.6954137  0.70545715
0.01894117 0.3049234  0.9135615  0.72301096
0.07239366 0.40003267 0.9311243  0.74356604
0.02847408 0.42342123 0.8826543  0.7875498 
0.17422229 0.17137218 0.74899405 0.68938726
0.01950196 0.48349282 0.81232554 0.84941554
0.11057423 0.19202185 0.8977002  0.5994431 
0.12017878 0.37615177 0.7295837  0.72127485
0.08886754 0.5203583  0.888069   0.89964706
0.11695132 0.3611422  0.9341317  0.8215285 
0.03495814 0.3453032  0.7727409  0.75476104
0.13716157 0.35273564 0.8716897  0.7403338 
0.20221941 0.3571142  0.90685576 0.7380636 
0.02367777 0.33600125 0.9426734  0.74669695
0.29015785 0.32740313 0.9476761  0.67560005
0.01222095 0.4296358  0.8904169  0.86478317
0.13249567 0.3509778  0.7887952  0.70713186
0.06375608 0.24942711 0.8836578  0.67008126
0.37121406 0.12866372 0.64548784 0.70251507
0.22795358 0.36765918 0.85739636 0.72237223
0.03787436 0.30699864 0.9694406  0.7004711 
0.09372569 0.47877374 0.681453   0.83754325
0.22030161 0.389693   0.90260386 0.7605183 
0.03857581 0.31691453 0.8650299  0.71861976
0.05459737 0.22958967 0.82892644 0.65855396
0.02069484 0.27384877 0.9054057  0.6973025 
0.37384307 0.14757219 0.6595857  0.79612684
0.3604263  0.08408687 0.6862226  0.7430742 
0.01847568 0.24973477 0.96385396 0.6854307 
0.08460117 0.3486452  0.8978455  0.7760544 
0.0826578 0.3881167 0.7656078 0.753952 
0.07267775 0.38505575 0.81476396 0.7921524 
0.06382148 0.43442926 0.8040183  0.83371526
0.06819591 0.25294146 0.8138211  0.65594864
0.11811567 0.28883833 0.9097403  0.67819923
0.13810496 0.3881443  0.76644844 0.7327304 
0.08409703 0.36621466 0.8718876  0.78922814
0.04632051 0.2372381  0.8639463  0.6813308 
0.08804822 0.16555165 0.8222554  0.5864852 
0.09677509 0.26349208 0.9678803  0.693443  
0.07690252 0.23526397 0.9353957  0.65892315
0.14758453 0.30107605 0.8064587  0.67045   
0.11584035 0.46347293 0.51255685 0.895033  
0.06891717 0.26075757 0.95878506 0.7090441 
0.18048853 0.29019687 0.90439254 0.6615706 
0.04130614 0.16979976 0.9451632  0.61080223
0.08673576 0.26618195 0.82218313 0.65690106
0.11510396 0.37314007 0.9491402  0.78352076
0.11662369 0.21769458 0.90907604 0.5917026 
0.06084746 0.4511517  0.7936118  0.82093006
0.36564398 0.10543668 0.6316895  0.72205085
0.05339182 0.40863374 0.8095253  0.7905078 
0.04366824 0.30687177 0.74565065 0.705703  
0.04009173 0.28780383 0.86719126 0.7115439 
0.40019938 0.15020303 0.678704   0.7981751 
0.0456517  0.3578041  0.886043   0.72697973
0.2110314  0.41894048 0.7885061  0.74195814
0.06652405 0.28362522 0.936528   0.7212631 
0.09307646 0.397907   0.82048815 0.7923025 
0.03761265 0.37212434 0.82864517 0.76154995
0.05595903 0.44941288 0.67189276 0.8673797 
0.05107084 0.2720829  0.7945511  0.6795273 
0.09897796 0.04238045 0.7806892  0.56062293
0.08743801 0.33978054 0.75987315 0.71274847
0.34390223 0.10366531 0.61107993 0.76707613
0.0342087  0.27857834 0.9150228  0.73254484
0.10494909 0.37686008 0.9291171  0.7756376 
0.04317165 0.4693545  0.85927767 0.8827087 
0.02150709 0.2536219  0.9418515  0.7590558 
0.39565068 0.2538711  0.626382   0.75032634
0.07144689 0.2053586  0.87502253 0.63465095
0.0948401  0.28191173 0.8900153  0.67493707
0.11804218 0.32339635 0.8595521  0.67500705
0.06201721 0.4254073  0.8180731  0.8087186 
0.01738538 0.35434887 0.9368148  0.7577504 
0.07974982 0.438427   0.7848679  0.81885844
0.01101957 0.26107404 0.98556453 0.7052497 
0.0516098  0.40990615 0.80791825 0.79247165
0.08629486 0.36698586 0.939975   0.7711945 
0.36564398 0.10543668 0.6316895  0.72205085
0.03425011 0.3422907  0.9360615  0.7414593 
0.01566901 0.18702629 0.8675218  0.63446844
0.11203659 0.42279527 0.856966   0.80685526
0.03700358 0.19452007 0.88585293 0.61337084
0.01159074 0.40212876 0.79310906 0.82032794
0.10584269 0.46548307 0.88245606 0.85176593
0.04459775 0.40097892 0.96500045 0.7683715 
0.03700358 0.19452007 0.88585293 0.61337084
0.00538387 0.37904403 0.985405   0.78862894
0.09677509 0.26349208 0.9678803  0.693443  
0.09489299 0.3880392  0.76905274 0.7581601 
0.04504004 0.2553204  0.9085636  0.7338112 
0.05266416 0.23644951 0.9633522  0.6724548 
0.09049229 0.42058405 0.9038252  0.83309245
0.09744065 0.22295283 0.9322432  0.6102955 
0.04395688 0.38189852 0.8829305  0.79330313
0.09269416 0.2753169  0.8946123  0.69130796
0.19476588 0.34680367 0.9070669  0.71616226
0.06382148 0.43442926 0.8040183  0.83371526
0.250745   0.19955552 0.87493926 0.60054517
0.21220084 0.38978404 0.8022836  0.72403014
0.03804757 0.297812   0.80011904 0.70486   
0.02949924 0.39518812 0.86900926 0.755021  
0.04341953 0.31038603 0.9037917  0.7251346 
0.05252041 0.3121093  0.73091006 0.65784013
0.28054696 0.40333423 0.8732678  0.7334269 
0.23327157 0.24581344 0.88504195 0.5925477 
0.0140865 0.175814  0.938311  0.6528809
0.0678514  0.23116826 0.9104553  0.65123856
0.24128136 0.35715452 0.8889993  0.74028933
0.0392243  0.26238918 0.7990761  0.6579262 
0.02165148 0.2943161  0.96481997 0.7082894 
0.04001381 0.44554704 0.83120763 0.78536093
0.14079538 0.3194846  0.94105387 0.7786004 
0.01868165 0.37140828 0.8130028  0.7843082 
0.15258941 0.30600014 0.93425995 0.6799999 
0.01236575 0.4106513  0.95198315 0.8084641 
0.11169329 0.3678498  0.8894576  0.7231691 
0.06161059 0.26179397 0.8756339  0.6931823 
0.09469746 0.38744953 0.7128467  0.7073674 
0.00538387 0.37904403 0.985405   0.78862894
0.21521409 0.06756435 0.6147466  0.67314523
0.2943802  0.19555189 0.90027493 0.57094175
0.13727829 0.39487553 0.82909054 0.775154  
0.13722335 0.33358127 0.9173507  0.6719019 
0.08389478 0.28220806 0.85685813 0.6877804 
0.08661941 0.4421544  0.7098494  0.8164486 
0.13938653 0.36173785 0.71438324 0.7968496 
0.04982626 0.27590734 0.97462225 0.69701153
0.15145719 0.34551084 0.8185733  0.6974775 
0.21933928 0.37419146 0.84248906 0.71982896
0.01674453 0.41816688 0.9344835  0.8090926 
0.11816798 0.38218266 0.76596785 0.7413662 
0.42696705 0.13284214 0.6815526  0.7450288 
0.00955944 0.37151328 0.8796499  0.7835029 
0.01988973 0.276397   0.97506917 0.70940864
0.0600329  0.2126211  0.81243676 0.6206899 
0.07067363 0.27956384 0.7439029  0.6644364 
0.00921421 0.3983319  0.95751643 0.78698033
0.1530652  0.40306097 0.7851781  0.74622184
0.25499976 0.30826378 0.87191635 0.6442334 
0.15817097 0.2596611  0.93259114 0.6450346 
0.0452993  0.40200487 0.6745223  0.7859687 
0.01847568 0.24973477 0.96385396 0.6854307 
0.2867478  0.24275245 0.5707285  0.8750562 
0.00559976 0.23166418 0.98661786 0.6932975 
0.06032388 0.3785958  0.89272267 0.7370482 
0.0914763  0.35457924 0.76838684 0.7211664 
0.07144084 0.34621918 0.9082457  0.74063087
0.4033518  0.13174061 0.6752332  0.7560351 
0.15195026 0.23800014 0.9160251  0.638909  
0.01653742 0.1707436  0.9152006  0.6397019 
0.3930295  0.11504193 0.68513066 0.7175111 
0.07923692 0.42078507 0.7881867  0.79095817
0.01927109 0.31141907 0.929409   0.7182106 
0.19246666 0.3293358  0.84382254 0.67732006
0.09272578 0.41264918 0.7119703  0.7536698 
0.09984679 0.37394935 0.6843404  0.7223394 
0.05032103 0.257838   0.8428066  0.70384514
0.12420075 0.21467932 0.9044364  0.62537277
0.05134806 0.44016522 0.8140202  0.794678  
0.16114877 0.31656182 0.8191836  0.6761199 
0.02940632 0.409778   0.8772268  0.76057   
0.02169028 0.3712148  0.86682206 0.7722655 
0.3324567  0.18052343 0.58445466 0.80856353
0.14479162 0.32739916 0.7715654  0.71706146
0.0792798  0.43208662 0.7427862  0.8243344 
0.07094767 0.22176176 0.88287663 0.67519623
0.05169188 0.39872274 0.8088195  0.7412155 
0.10320386 0.26866478 0.92495996 0.69805586
0.01432178 0.23704112 0.9926641  0.71042347
0.16402759 0.3200039  0.9281136  0.67938995
0.04219823 0.33046862 0.8918964  0.74287575
0.14145483 0.40244034 0.7923912  0.754183  
0.05547136 0.27175966 0.84200525 0.6970196 
0.03636707 0.39154825 0.72831273 0.75548166
0.286296   0.30163842 0.87280023 0.63293684
0.21341853 0.2844253  0.8478347  0.63575405
0.31364202 0.14899445 0.57619786 0.78618324
0.05820109 0.2807272  0.88458157 0.72101843
0.01133155 0.34192947 0.9268974  0.7678214 
0.01485947 0.35667774 0.91197205 0.7460276 
0.30397427 0.06671868 0.6289433  0.681694  
0.07126505 0.3933078  0.71738243 0.7461905 
0.00602263 0.44836286 0.9168115  0.8560544 
0.07765874 0.35351172 0.74691457 0.7152671 
0.02146646 0.2672134  0.8863865  0.70490617
0.01653742 0.1707436  0.9152006  0.6397019 
0.06430209 0.32279164 0.8854731  0.6976999 
0.02019756 0.22163443 0.91530156 0.6780518 
0.0526322  0.24105558 0.9262131  0.6671307 
0.04570369 0.2163679  0.7880303  0.62768245
0.07509555 0.34835055 0.8731162  0.74940413
0.04523861 0.3817654  0.8714188  0.79996985
0.01883148 0.39338893 0.96462005 0.79024   
0.22339097 0.08419707 0.67232907 0.645321  
0.0578289 0.3332401 0.7509087 0.78691  
0.39668933 0.07704978 0.68045497 0.7447164 
0.24746582 0.38850248 0.8832763  0.7501117 
0.1395285  0.36589587 0.8358045  0.7318732 
0.02785176 0.14954658 0.75147986 0.74662983
0.23327157 0.24581344 0.88504195 0.5925477 
0.07530928 0.19581681 0.9276347  0.630201  
0.07046907 0.35040042 0.8666683  0.69901764
0.13745779 0.24417345 0.8929524  0.64391035
0.31595305 0.14250956 0.64142007 0.8370559 
0.15221694 0.38280886 0.9180622  0.79929584
0.1722327 0.2770683 0.9541338 0.7161302
0.05169188 0.39872274 0.8088195  0.7412155 
0.11804218 0.32339635 0.8595521  0.67500705
0.04835047 0.4654866  0.8647429  0.8779946 
0.01149123 0.1740573  0.9896826  0.6226025 
0.32807964 0.15167312 0.6226703  0.80590975
0.01213208 0.28474513 0.94913995 0.74999213
0.21778591 0.2785202  0.7161868  0.7689758 
0.02371373 0.30883598 0.7869302  0.7165386 
0.0540486  0.34812474 0.89996445 0.70349413
0.05442248 0.21065508 0.93633056 0.6444832 
0.12984784 0.26653534 0.84575933 0.64086276
0.02795181 0.3203677  0.75315046 0.7187566 
0.02166291 0.2719931  0.9226503  0.6893558 
0.12124542 0.26011702 0.95166475 0.6743472 
0.06416712 0.2792669  0.880888   0.6897645 
0.1547684  0.21465474 0.8514061  0.6160423 
0.0456517  0.3578041  0.886043   0.72697973
0.01674453 0.41816688 0.9344835  0.8090926 
0.08458552 0.39490187 0.7335953  0.7738513 
0.0116535  0.36757648 0.8468403  0.7753228 
0.1465463 0.3127695 0.8999156 0.697771 
0.06596081 0.31326383 0.8445777  0.74906844
0.10002892 0.27382484 0.9080204  0.6648081 
0.4251649  0.1597569  0.68868226 0.7800037 
0.04003703 0.30732006 0.9236758  0.71523017
0.01995597 0.39058602 0.767227   0.77579   
0.06286538 0.43325368 0.54260224 0.83606184
0.03911271 0.16011404 0.8133106  0.58390063
0.2867478  0.24275245 0.5707285  0.8750562 
0.04095504 0.19386908 0.9869038  0.60941327
0.06267904 0.42088726 0.8647606  0.84099513
0.16501316 0.43652233 0.7213247  0.7549223 
0.04606171 0.42339242 0.83065474 0.7847154 
0.15311186 0.39110568 0.85217386 0.7772982 
0.13154474 0.27961007 0.8736492  0.6476462 
0.03158633 0.2657877  0.9710777  0.67938846
0.18805808 0.38279396 0.923361   0.7168416 
0.05595903 0.44941288 0.67189276 0.8673797 
0.10800139 0.18343404 0.90194976 0.59715486
0.13680878 0.45413896 0.7558799  0.84170634
0.05347031 0.40715334 0.7738347  0.8091476 
0.06274942 0.2965788  0.9834499  0.68346584
0.39440656 0.2328931  0.67612016 0.82076263
0.0271671  0.41667733 0.77250534 0.77924025
0.34922367 0.20467499 0.61759716 0.83348924
0.33705378 0.29397795 0.54336333 0.8396581 
0.06608101 0.36860043 0.77994084 0.72530955
0.06975871 0.3474243  0.8718185  0.7384034 
0.02729962 0.21989699 0.9582648  0.63563347
0.09613213 0.19044025 0.9588606  0.6271455 
0.03117333 0.36080518 0.93751156 0.74734706
0.05476265 0.38239494 0.9048923  0.78792226
0.23262523 0.3721726  0.853262   0.71137726
0.06820429 0.32473433 0.8000918  0.7202272 
0.03876407 0.272504   0.834624   0.7159323 
0.05476265 0.38239494 0.9048923  0.78792226
0.07827904 0.35574463 0.82002443 0.7424203 
0.03319717 0.514975   0.69083506 0.8940129 
0.01289349 0.38691905 0.9299614  0.7786063 